# ra dec fovra fovdec n 
50.80682 30.00000 1.00 1.00 0 
51.96152 30.00000 1.00 1.00 1 
53.11622 30.00000 1.00 1.00 2 
54.27093 30.00000 1.00 1.00 3 
55.42563 30.00000 1.00 1.00 4 
56.58033 30.00000 1.00 1.00 5 
57.73503 30.00000 1.00 1.00 6 
58.88973 30.00000 1.00 1.00 7 
60.04443 30.00000 1.00 1.00 8 
61.19913 30.00000 1.00 1.00 9 
62.35383 30.00000 1.00 1.00 10 
63.50853 30.00000 1.00 1.00 11 
64.66323 30.00000 1.00 1.00 12 
65.81793 30.00000 1.00 1.00 13 
66.97263 30.00000 1.00 1.00 14 
68.12733 30.00000 1.00 1.00 15 
69.28203 30.00000 1.00 1.00 16 
50.16524 31.00000 1.00 1.00 17 
51.33187 31.00000 1.00 1.00 18 
52.49850 31.00000 1.00 1.00 19 
53.66514 31.00000 1.00 1.00 20 
54.83177 31.00000 1.00 1.00 21 
55.99840 31.00000 1.00 1.00 22 
57.16504 31.00000 1.00 1.00 23 
58.33167 31.00000 1.00 1.00 24 
59.49830 31.00000 1.00 1.00 25 
60.66494 31.00000 1.00 1.00 26 
61.83157 31.00000 1.00 1.00 27 
62.99820 31.00000 1.00 1.00 28 
64.16484 31.00000 1.00 1.00 29 
65.33147 31.00000 1.00 1.00 30 
66.49810 31.00000 1.00 1.00 31 
67.66474 31.00000 1.00 1.00 32 
68.83137 31.00000 1.00 1.00 33 
69.99800 31.00000 1.00 1.00 34 
50.70467 32.00000 1.00 1.00 35 
51.88385 32.00000 1.00 1.00 36 
53.06303 32.00000 1.00 1.00 37 
54.24221 32.00000 1.00 1.00 38 
55.42138 32.00000 1.00 1.00 39 
56.60056 32.00000 1.00 1.00 40 
57.77974 32.00000 1.00 1.00 41 
58.95892 32.00000 1.00 1.00 42 
60.13810 32.00000 1.00 1.00 43 
61.31728 32.00000 1.00 1.00 44 
62.49646 32.00000 1.00 1.00 45 
63.67563 32.00000 1.00 1.00 46 
64.85481 32.00000 1.00 1.00 47 
66.03399 32.00000 1.00 1.00 48 
67.21317 32.00000 1.00 1.00 49 
68.39235 32.00000 1.00 1.00 50 
69.57153 32.00000 1.00 1.00 51 
50.07926 33.00000 1.00 1.00 52 
51.27162 33.00000 1.00 1.00 53 
52.46398 33.00000 1.00 1.00 54 
53.65635 33.00000 1.00 1.00 55 
54.84871 33.00000 1.00 1.00 56 
56.04107 33.00000 1.00 1.00 57 
57.23344 33.00000 1.00 1.00 58 
58.42580 33.00000 1.00 1.00 59 
59.61816 33.00000 1.00 1.00 60 
60.81053 33.00000 1.00 1.00 61 
62.00289 33.00000 1.00 1.00 62 
63.19525 33.00000 1.00 1.00 63 
64.38762 33.00000 1.00 1.00 64 
65.57998 33.00000 1.00 1.00 65 
66.77234 33.00000 1.00 1.00 66 
67.96471 33.00000 1.00 1.00 67 
69.15707 33.00000 1.00 1.00 68 
50.66115 34.00000 1.00 1.00 69 
51.86737 34.00000 1.00 1.00 70 
53.07359 34.00000 1.00 1.00 71 
54.27981 34.00000 1.00 1.00 72 
55.48603 34.00000 1.00 1.00 73 
56.69224 34.00000 1.00 1.00 74 
57.89846 34.00000 1.00 1.00 75 
59.10468 34.00000 1.00 1.00 76 
60.31090 34.00000 1.00 1.00 77 
61.51712 34.00000 1.00 1.00 78 
62.72333 34.00000 1.00 1.00 79 
63.92955 34.00000 1.00 1.00 80 
65.13577 34.00000 1.00 1.00 81 
66.34199 34.00000 1.00 1.00 82 
67.54821 34.00000 1.00 1.00 83 
68.75442 34.00000 1.00 1.00 84 
69.96064 34.00000 1.00 1.00 85 
50.05176 35.00000 1.00 1.00 86 
51.27253 35.00000 1.00 1.00 87 
52.49331 35.00000 1.00 1.00 88 
53.71408 35.00000 1.00 1.00 89 
54.93486 35.00000 1.00 1.00 90 
56.15563 35.00000 1.00 1.00 91 
57.37641 35.00000 1.00 1.00 92 
58.59718 35.00000 1.00 1.00 93 
59.81795 35.00000 1.00 1.00 94 
61.03873 35.00000 1.00 1.00 95 
62.25950 35.00000 1.00 1.00 96 
63.48028 35.00000 1.00 1.00 97 
64.70105 35.00000 1.00 1.00 98 
65.92183 35.00000 1.00 1.00 99 
67.14260 35.00000 1.00 1.00 100 
68.36338 35.00000 1.00 1.00 101 
69.58415 35.00000 1.00 1.00 102 
50.67879 36.00000 1.00 1.00 103 
51.91486 36.00000 1.00 1.00 104 
53.15092 36.00000 1.00 1.00 105 
54.38699 36.00000 1.00 1.00 106 
55.62306 36.00000 1.00 1.00 107 
56.85913 36.00000 1.00 1.00 108 
58.09519 36.00000 1.00 1.00 109 
59.33126 36.00000 1.00 1.00 110 
60.56733 36.00000 1.00 1.00 111 
61.80340 36.00000 1.00 1.00 112 
63.03947 36.00000 1.00 1.00 113 
64.27553 36.00000 1.00 1.00 114 
65.51160 36.00000 1.00 1.00 115 
66.74767 36.00000 1.00 1.00 116 
67.98374 36.00000 1.00 1.00 117 
69.21981 36.00000 1.00 1.00 118 
50.08543 37.00000 1.00 1.00 119 
51.33756 37.00000 1.00 1.00 120 
52.58970 37.00000 1.00 1.00 121 
53.84183 37.00000 1.00 1.00 122 
55.09397 37.00000 1.00 1.00 123 
56.34610 37.00000 1.00 1.00 124 
57.59824 37.00000 1.00 1.00 125 
58.85038 37.00000 1.00 1.00 126 
60.10251 37.00000 1.00 1.00 127 
61.35465 37.00000 1.00 1.00 128 
62.60678 37.00000 1.00 1.00 129 
63.85892 37.00000 1.00 1.00 130 
65.11105 37.00000 1.00 1.00 131 
66.36319 37.00000 1.00 1.00 132 
67.61533 37.00000 1.00 1.00 133 
68.86746 37.00000 1.00 1.00 134 
50.76073 38.00000 1.00 1.00 135 
52.02975 38.00000 1.00 1.00 136 
53.29877 38.00000 1.00 1.00 137 
54.56778 38.00000 1.00 1.00 138 
55.83680 38.00000 1.00 1.00 139 
57.10582 38.00000 1.00 1.00 140 
58.37484 38.00000 1.00 1.00 141 
59.64386 38.00000 1.00 1.00 142 
60.91287 38.00000 1.00 1.00 143 
62.18189 38.00000 1.00 1.00 144 
63.45091 38.00000 1.00 1.00 145 
64.71993 38.00000 1.00 1.00 146 
65.98895 38.00000 1.00 1.00 147 
67.25797 38.00000 1.00 1.00 148 
68.52698 38.00000 1.00 1.00 149 
69.79600 38.00000 1.00 1.00 150 
50.18362 39.00000 1.00 1.00 151 
51.47038 39.00000 1.00 1.00 152 
52.75714 39.00000 1.00 1.00 153 
54.04390 39.00000 1.00 1.00 154 
55.33066 39.00000 1.00 1.00 155 
56.61742 39.00000 1.00 1.00 156 
57.90418 39.00000 1.00 1.00 157 
59.19094 39.00000 1.00 1.00 158 
60.47770 39.00000 1.00 1.00 159 
61.76446 39.00000 1.00 1.00 160 
63.05122 39.00000 1.00 1.00 161 
64.33798 39.00000 1.00 1.00 162 
65.62474 39.00000 1.00 1.00 163 
66.91150 39.00000 1.00 1.00 164 
68.19826 39.00000 1.00 1.00 165 
69.48502 39.00000 1.00 1.00 166 
50.91088 40.00000 1.00 1.00 167 
52.21629 40.00000 1.00 1.00 168 
53.52170 40.00000 1.00 1.00 169 
54.82711 40.00000 1.00 1.00 170 
56.13251 40.00000 1.00 1.00 171 
57.43792 40.00000 1.00 1.00 172 
58.74333 40.00000 1.00 1.00 173 
60.04874 40.00000 1.00 1.00 174 
61.35414 40.00000 1.00 1.00 175 
62.65955 40.00000 1.00 1.00 176 
63.96496 40.00000 1.00 1.00 177 
65.27036 40.00000 1.00 1.00 178 
66.57577 40.00000 1.00 1.00 179 
67.88118 40.00000 1.00 1.00 180 
69.18659 40.00000 1.00 1.00 181 
50.35049 41.00000 1.00 1.00 182 
51.67551 41.00000 1.00 1.00 183 
53.00052 41.00000 1.00 1.00 184 
54.32553 41.00000 1.00 1.00 185 
55.65055 41.00000 1.00 1.00 186 
56.97556 41.00000 1.00 1.00 187 
58.30057 41.00000 1.00 1.00 188 
59.62558 41.00000 1.00 1.00 189 
60.95060 41.00000 1.00 1.00 190 
62.27561 41.00000 1.00 1.00 191 
63.60062 41.00000 1.00 1.00 192 
64.92564 41.00000 1.00 1.00 193 
66.25065 41.00000 1.00 1.00 194 
67.57566 41.00000 1.00 1.00 195 
68.90068 41.00000 1.00 1.00 196 
51.13404 42.00000 1.00 1.00 197 
52.47968 42.00000 1.00 1.00 198 
53.82531 42.00000 1.00 1.00 199 
55.17094 42.00000 1.00 1.00 200 
56.51657 42.00000 1.00 1.00 201 
57.86221 42.00000 1.00 1.00 202 
59.20784 42.00000 1.00 1.00 203 
60.55347 42.00000 1.00 1.00 204 
61.89911 42.00000 1.00 1.00 205 
63.24474 42.00000 1.00 1.00 206 
64.59037 42.00000 1.00 1.00 207 
65.93600 42.00000 1.00 1.00 208 
67.28164 42.00000 1.00 1.00 209 
68.62727 42.00000 1.00 1.00 210 
69.97290 42.00000 1.00 1.00 211 
50.59112 43.00000 1.00 1.00 212 
51.95844 43.00000 1.00 1.00 213 
53.32577 43.00000 1.00 1.00 214 
54.69310 43.00000 1.00 1.00 215 
56.06043 43.00000 1.00 1.00 216 
57.42775 43.00000 1.00 1.00 217 
58.79508 43.00000 1.00 1.00 218 
60.16241 43.00000 1.00 1.00 219 
61.52974 43.00000 1.00 1.00 220 
62.89706 43.00000 1.00 1.00 221 
64.26439 43.00000 1.00 1.00 222 
65.63172 43.00000 1.00 1.00 223 
66.99905 43.00000 1.00 1.00 224 
68.36637 43.00000 1.00 1.00 225 
69.73370 43.00000 1.00 1.00 226 
50.04589 44.00000 1.00 1.00 227 
51.43605 44.00000 1.00 1.00 228 
52.82622 44.00000 1.00 1.00 229 
54.21638 44.00000 1.00 1.00 230 
55.60654 44.00000 1.00 1.00 231 
56.99671 44.00000 1.00 1.00 232 
58.38687 44.00000 1.00 1.00 233 
59.77703 44.00000 1.00 1.00 234 
61.16720 44.00000 1.00 1.00 235 
62.55736 44.00000 1.00 1.00 236 
63.94753 44.00000 1.00 1.00 237 
65.33769 44.00000 1.00 1.00 238 
66.72785 44.00000 1.00 1.00 239 
68.11802 44.00000 1.00 1.00 240 
69.50818 44.00000 1.00 1.00 241 
50.91169 45.00000 1.00 1.00 242 
52.32590 45.00000 1.00 1.00 243 
53.74012 45.00000 1.00 1.00 244 
55.15433 45.00000 1.00 1.00 245 
56.56854 45.00000 1.00 1.00 246 
57.98276 45.00000 1.00 1.00 247 
59.39697 45.00000 1.00 1.00 248 
60.81118 45.00000 1.00 1.00 249 
62.22540 45.00000 1.00 1.00 250 
63.63961 45.00000 1.00 1.00 251 
65.05382 45.00000 1.00 1.00 252 
66.46804 45.00000 1.00 1.00 253 
67.88225 45.00000 1.00 1.00 254 
69.29646 45.00000 1.00 1.00 255 
50.38448 46.00000 1.00 1.00 256 
51.82404 46.00000 1.00 1.00 257 
53.26359 46.00000 1.00 1.00 258 
54.70315 46.00000 1.00 1.00 259 
56.14271 46.00000 1.00 1.00 260 
57.58226 46.00000 1.00 1.00 261 
59.02182 46.00000 1.00 1.00 262 
60.46137 46.00000 1.00 1.00 263 
61.90093 46.00000 1.00 1.00 264 
63.34049 46.00000 1.00 1.00 265 
64.78004 46.00000 1.00 1.00 266 
66.21960 46.00000 1.00 1.00 267 
67.65916 46.00000 1.00 1.00 268 
69.09871 46.00000 1.00 1.00 269 
51.31977 47.00000 1.00 1.00 270 
52.78605 47.00000 1.00 1.00 271 
54.25233 47.00000 1.00 1.00 272 
55.71861 47.00000 1.00 1.00 273 
57.18489 47.00000 1.00 1.00 274 
58.65117 47.00000 1.00 1.00 275 
60.11745 47.00000 1.00 1.00 276 
61.58373 47.00000 1.00 1.00 277 
63.05000 47.00000 1.00 1.00 278 
64.51628 47.00000 1.00 1.00 279 
65.98256 47.00000 1.00 1.00 280 
67.44884 47.00000 1.00 1.00 281 
68.91512 47.00000 1.00 1.00 282 
50.81220 48.00000 1.00 1.00 283 
52.30668 48.00000 1.00 1.00 284 
53.80116 48.00000 1.00 1.00 285 
55.29563 48.00000 1.00 1.00 286 
56.79011 48.00000 1.00 1.00 287 
58.28459 48.00000 1.00 1.00 288 
59.77906 48.00000 1.00 1.00 289 
61.27354 48.00000 1.00 1.00 290 
62.76802 48.00000 1.00 1.00 291 
64.26249 48.00000 1.00 1.00 292 
65.75697 48.00000 1.00 1.00 293 
67.25144 48.00000 1.00 1.00 294 
68.74592 48.00000 1.00 1.00 295 
50.30035 49.00000 1.00 1.00 296 
51.82460 49.00000 1.00 1.00 297 
53.34886 49.00000 1.00 1.00 298 
54.87311 49.00000 1.00 1.00 299 
56.39736 49.00000 1.00 1.00 300 
57.92162 49.00000 1.00 1.00 301 
59.44587 49.00000 1.00 1.00 302 
60.97012 49.00000 1.00 1.00 303 
62.49438 49.00000 1.00 1.00 304 
64.01863 49.00000 1.00 1.00 305 
65.54288 49.00000 1.00 1.00 306 
67.06714 49.00000 1.00 1.00 307 
68.59139 49.00000 1.00 1.00 308 
